[1] "First few combinations of the lambda grid:"
  alpha     lambda
1   0.5 0.01000000
2   0.5 0.01098541
3   0.5 0.01206793
4   0.5 0.01325711
5   0.5 0.01456348
6   0.5 0.01599859
[1] "Cross validation model results:"
   alpha     lambda     RMSE  Rsquared      MAE   RMSESD RsquaredSD    MAESD
1    0.5 0.01000000 546.9853 0.6590476 478.4078 278.0539  0.3525716 236.8103
2    0.5 0.01098541 546.9853 0.6590476 478.4078 278.0539  0.3525716 236.8103
3    0.5 0.01206793 546.9853 0.6590476 478.4078 278.0539  0.3525716 236.8103
4    0.5 0.01325711 546.9853 0.6590476 478.4078 278.0539  0.3525716 236.8103
5    0.5 0.01456348 546.9853 0.6590476 478.4078 278.0539  0.3525716 236.8103
6    0.5 0.01599859 546.9853 0.6590476 478.4078 278.0539  0.3525716 236.8103
7    0.5 0.01757511 546.9853 0.6590476 478.4078 278.0539  0.3525716 236.8103
8    0.5 0.01930698 546.9853 0.6590476 478.4078 278.0539  0.3525716 236.8103
9    0.5 0.02120951 546.9853 0.6590476 478.4078 278.0539  0.3525716 236.8103
10   0.5 0.02329952 546.9853 0.6590476 478.4078 278.0539  0.3525716 236.8103
11   0.5 0.02559548 546.9853 0.6590476 478.4078 278.0539  0.3525716 236.8103
12   0.5 0.02811769 546.9853 0.6590476 478.4078 278.0539  0.3525716 236.8103
13   0.5 0.03088844 546.9853 0.6590476 478.4078 278.0539  0.3525716 236.8103
14   0.5 0.03393222 546.9853 0.6590476 478.4078 278.0539  0.3525716 236.8103
15   0.5 0.03727594 546.9853 0.6590476 478.4078 278.0539  0.3525716 236.8103
16   0.5 0.04094915 546.9853 0.6590476 478.4078 278.0539  0.3525716 236.8103
17   0.5 0.04498433 546.9853 0.6590476 478.4078 278.0539  0.3525716 236.8103
18   0.5 0.04941713 546.9853 0.6590476 478.4078 278.0539  0.3525716 236.8103
19   0.5 0.05428675 546.9853 0.6590476 478.4078 278.0539  0.3525716 236.8103
20   0.5 0.05963623 546.9853 0.6590476 478.4078 278.0539  0.3525716 236.8103
21   0.5 0.06551286 546.9853 0.6590476 478.4078 278.0539  0.3525716 236.8103
22   0.5 0.07196857 546.9853 0.6590476 478.4078 278.0539  0.3525716 236.8103
23   0.5 0.07906043 546.9853 0.6590476 478.4078 278.0539  0.3525716 236.8103
24   0.5 0.08685114 546.9853 0.6590476 478.4078 278.0539  0.3525716 236.8103
25   0.5 0.09540955 546.9853 0.6590476 478.4078 278.0539  0.3525716 236.8103
26   0.5 0.10481131 546.9853 0.6590476 478.4078 278.0539  0.3525716 236.8103
27   0.5 0.11513954 546.9853 0.6590476 478.4078 278.0539  0.3525716 236.8103
28   0.5 0.12648552 546.9853 0.6590476 478.4078 278.0539  0.3525716 236.8103
29   0.5 0.13894955 546.9853 0.6590476 478.4078 278.0539  0.3525716 236.8103
30   0.5 0.15264180 546.9853 0.6590476 478.4078 278.0539  0.3525716 236.8103
31   0.5 0.16768329 546.9853 0.6590476 478.4078 278.0539  0.3525716 236.8103
32   0.5 0.18420700 546.9853 0.6590476 478.4078 278.0539  0.3525716 236.8103
33   0.5 0.20235896 546.9853 0.6590476 478.4078 278.0539  0.3525716 236.8103
34   0.5 0.22229965 546.9853 0.6590476 478.4078 278.0539  0.3525716 236.8103
35   0.5 0.24420531 546.9853 0.6590476 478.4078 278.0539  0.3525716 236.8103
36   0.5 0.26826958 546.9853 0.6590476 478.4078 278.0539  0.3525716 236.8103
37   0.5 0.29470517 546.9853 0.6590476 478.4078 278.0539  0.3525716 236.8103
38   0.5 0.32374575 546.9853 0.6590476 478.4078 278.0539  0.3525716 236.8103
39   0.5 0.35564803 546.9853 0.6590476 478.4078 278.0539  0.3525716 236.8103
40   0.5 0.39069399 546.9853 0.6590476 478.4078 278.0539  0.3525716 236.8103
41   0.5 0.42919343 546.9853 0.6590476 478.4078 278.0539  0.3525716 236.8103
42   0.5 0.47148664 546.9853 0.6590476 478.4078 278.0539  0.3525716 236.8103
43   0.5 0.51794747 546.9853 0.6590476 478.4078 278.0539  0.3525716 236.8103
44   0.5 0.56898660 546.9853 0.6590476 478.4078 278.0539  0.3525716 236.8103
45   0.5 0.62505519 546.9853 0.6590476 478.4078 278.0539  0.3525716 236.8103
46   0.5 0.68664885 546.9853 0.6590476 478.4078 278.0539  0.3525716 236.8103
47   0.5 0.75431201 546.9853 0.6590476 478.4078 278.0539  0.3525716 236.8103
48   0.5 0.82864277 546.9853 0.6590476 478.4078 278.0539  0.3525716 236.8103
49   0.5 0.91029818 546.9853 0.6590476 478.4078 278.0539  0.3525716 236.8103
50   0.5 1.00000000 546.9853 0.6590476 478.4078 278.0539  0.3525716 236.8103
[1] "Best hyper-parameters:"
   alpha lambda
50   0.5      1
[1] "MAE: 15.4760720696581"
[1] "RMSE: 18.2794210557097"
[1] "R²: 0.999830437899091"
`geom_smooth()` using formula = 'y ~ x'
`geom_smooth()` using formula = 'y ~ x'
[1] "Mean performance metrics from bootstrap resampling:"                                         
   alpha     lambda     RMSE  Rsquared      MAE   RMSESD RsquaredSD    MAESD
1    0.5 0.01000000 546.9853 0.6590476 478.4078 278.0539  0.3525716 236.8103
2    0.5 0.01098541 546.9853 0.6590476 478.4078 278.0539  0.3525716 236.8103
3    0.5 0.01206793 546.9853 0.6590476 478.4078 278.0539  0.3525716 236.8103
4    0.5 0.01325711 546.9853 0.6590476 478.4078 278.0539  0.3525716 236.8103
5    0.5 0.01456348 546.9853 0.6590476 478.4078 278.0539  0.3525716 236.8103
6    0.5 0.01599859 546.9853 0.6590476 478.4078 278.0539  0.3525716 236.8103
7    0.5 0.01757511 546.9853 0.6590476 478.4078 278.0539  0.3525716 236.8103
8    0.5 0.01930698 546.9853 0.6590476 478.4078 278.0539  0.3525716 236.8103
9    0.5 0.02120951 546.9853 0.6590476 478.4078 278.0539  0.3525716 236.8103
10   0.5 0.02329952 546.9853 0.6590476 478.4078 278.0539  0.3525716 236.8103
11   0.5 0.02559548 546.9853 0.6590476 478.4078 278.0539  0.3525716 236.8103
12   0.5 0.02811769 546.9853 0.6590476 478.4078 278.0539  0.3525716 236.8103
13   0.5 0.03088844 546.9853 0.6590476 478.4078 278.0539  0.3525716 236.8103
14   0.5 0.03393222 546.9853 0.6590476 478.4078 278.0539  0.3525716 236.8103
15   0.5 0.03727594 546.9853 0.6590476 478.4078 278.0539  0.3525716 236.8103
16   0.5 0.04094915 546.9853 0.6590476 478.4078 278.0539  0.3525716 236.8103
17   0.5 0.04498433 546.9853 0.6590476 478.4078 278.0539  0.3525716 236.8103
18   0.5 0.04941713 546.9853 0.6590476 478.4078 278.0539  0.3525716 236.8103
19   0.5 0.05428675 546.9853 0.6590476 478.4078 278.0539  0.3525716 236.8103
20   0.5 0.05963623 546.9853 0.6590476 478.4078 278.0539  0.3525716 236.8103
21   0.5 0.06551286 546.9853 0.6590476 478.4078 278.0539  0.3525716 236.8103
22   0.5 0.07196857 546.9853 0.6590476 478.4078 278.0539  0.3525716 236.8103
23   0.5 0.07906043 546.9853 0.6590476 478.4078 278.0539  0.3525716 236.8103
24   0.5 0.08685114 546.9853 0.6590476 478.4078 278.0539  0.3525716 236.8103
25   0.5 0.09540955 546.9853 0.6590476 478.4078 278.0539  0.3525716 236.8103
26   0.5 0.10481131 546.9853 0.6590476 478.4078 278.0539  0.3525716 236.8103
27   0.5 0.11513954 546.9853 0.6590476 478.4078 278.0539  0.3525716 236.8103
28   0.5 0.12648552 546.9853 0.6590476 478.4078 278.0539  0.3525716 236.8103
29   0.5 0.13894955 546.9853 0.6590476 478.4078 278.0539  0.3525716 236.8103
30   0.5 0.15264180 546.9853 0.6590476 478.4078 278.0539  0.3525716 236.8103
31   0.5 0.16768329 546.9853 0.6590476 478.4078 278.0539  0.3525716 236.8103
32   0.5 0.18420700 546.9853 0.6590476 478.4078 278.0539  0.3525716 236.8103
33   0.5 0.20235896 546.9853 0.6590476 478.4078 278.0539  0.3525716 236.8103
34   0.5 0.22229965 546.9853 0.6590476 478.4078 278.0539  0.3525716 236.8103
35   0.5 0.24420531 546.9853 0.6590476 478.4078 278.0539  0.3525716 236.8103
36   0.5 0.26826958 546.9853 0.6590476 478.4078 278.0539  0.3525716 236.8103
37   0.5 0.29470517 546.9853 0.6590476 478.4078 278.0539  0.3525716 236.8103
38   0.5 0.32374575 546.9853 0.6590476 478.4078 278.0539  0.3525716 236.8103
39   0.5 0.35564803 546.9853 0.6590476 478.4078 278.0539  0.3525716 236.8103
40   0.5 0.39069399 546.9853 0.6590476 478.4078 278.0539  0.3525716 236.8103
41   0.5 0.42919343 546.9853 0.6590476 478.4078 278.0539  0.3525716 236.8103
42   0.5 0.47148664 546.9853 0.6590476 478.4078 278.0539  0.3525716 236.8103
43   0.5 0.51794747 546.9853 0.6590476 478.4078 278.0539  0.3525716 236.8103
44   0.5 0.56898660 546.9853 0.6590476 478.4078 278.0539  0.3525716 236.8103
45   0.5 0.62505519 546.9853 0.6590476 478.4078 278.0539  0.3525716 236.8103
46   0.5 0.68664885 546.9853 0.6590476 478.4078 278.0539  0.3525716 236.8103
47   0.5 0.75431201 546.9853 0.6590476 478.4078 278.0539  0.3525716 236.8103
48   0.5 0.82864277 546.9853 0.6590476 478.4078 278.0539  0.3525716 236.8103
49   0.5 0.91029818 546.9853 0.6590476 478.4078 278.0539  0.3525716 236.8103
50   0.5 1.00000000 546.9853 0.6590476 478.4078 278.0539  0.3525716 236.8103
[1] "Best model metrics:"
  alpha lambda     RMSE  Rsquared      MAE   RMSESD RsquaredSD    MAESD
1   0.5   0.01 546.9853 0.6590476 478.4078 278.0539  0.3525716 236.8103
Complete! Thank you for using this script. -NM
