[1] "First few combinations of the lambda grid:"
  alpha     lambda
1   0.5 0.01000000
2   0.5 0.01098541
3   0.5 0.01206793
4   0.5 0.01325711
5   0.5 0.01456348
6   0.5 0.01599859
[1] "Cross validation model results:"
   alpha     lambda     RMSE  Rsquared      MAE   RMSESD RsquaredSD    MAESD
1    0.5 0.01000000 112329.5 0.5833794 100716.4 36715.66  0.3716785 36317.12
2    0.5 0.01098541 112329.5 0.5833794 100716.4 36715.66  0.3716785 36317.12
3    0.5 0.01206793 112329.5 0.5833794 100716.4 36715.66  0.3716785 36317.12
4    0.5 0.01325711 112329.5 0.5833794 100716.4 36715.66  0.3716785 36317.12
5    0.5 0.01456348 112329.5 0.5833794 100716.4 36715.66  0.3716785 36317.12
6    0.5 0.01599859 112329.5 0.5833794 100716.4 36715.66  0.3716785 36317.12
7    0.5 0.01757511 112329.5 0.5833794 100716.4 36715.66  0.3716785 36317.12
8    0.5 0.01930698 112329.5 0.5833794 100716.4 36715.66  0.3716785 36317.12
9    0.5 0.02120951 112329.5 0.5833794 100716.4 36715.66  0.3716785 36317.12
10   0.5 0.02329952 112329.5 0.5833794 100716.4 36715.66  0.3716785 36317.12
11   0.5 0.02559548 112329.5 0.5833794 100716.4 36715.66  0.3716785 36317.12
12   0.5 0.02811769 112329.5 0.5833794 100716.4 36715.66  0.3716785 36317.12
13   0.5 0.03088844 112329.5 0.5833794 100716.4 36715.66  0.3716785 36317.12
14   0.5 0.03393222 112329.5 0.5833794 100716.4 36715.66  0.3716785 36317.12
15   0.5 0.03727594 112329.5 0.5833794 100716.4 36715.66  0.3716785 36317.12
16   0.5 0.04094915 112329.5 0.5833794 100716.4 36715.66  0.3716785 36317.12
17   0.5 0.04498433 112329.5 0.5833794 100716.4 36715.66  0.3716785 36317.12
18   0.5 0.04941713 112329.5 0.5833794 100716.4 36715.66  0.3716785 36317.12
19   0.5 0.05428675 112329.5 0.5833794 100716.4 36715.66  0.3716785 36317.12
20   0.5 0.05963623 112329.5 0.5833794 100716.4 36715.66  0.3716785 36317.12
21   0.5 0.06551286 112329.5 0.5833794 100716.4 36715.66  0.3716785 36317.12
22   0.5 0.07196857 112329.5 0.5833794 100716.4 36715.66  0.3716785 36317.12
23   0.5 0.07906043 112329.5 0.5833794 100716.4 36715.66  0.3716785 36317.12
24   0.5 0.08685114 112329.5 0.5833794 100716.4 36715.66  0.3716785 36317.12
25   0.5 0.09540955 112329.5 0.5833794 100716.4 36715.66  0.3716785 36317.12
26   0.5 0.10481131 112329.5 0.5833794 100716.4 36715.66  0.3716785 36317.12
27   0.5 0.11513954 112329.5 0.5833794 100716.4 36715.66  0.3716785 36317.12
28   0.5 0.12648552 112329.5 0.5833794 100716.4 36715.66  0.3716785 36317.12
29   0.5 0.13894955 112329.5 0.5833794 100716.4 36715.66  0.3716785 36317.12
30   0.5 0.15264180 112329.5 0.5833794 100716.4 36715.66  0.3716785 36317.12
31   0.5 0.16768329 112329.5 0.5833794 100716.4 36715.66  0.3716785 36317.12
32   0.5 0.18420700 112329.5 0.5833794 100716.4 36715.66  0.3716785 36317.12
33   0.5 0.20235896 112329.5 0.5833794 100716.4 36715.66  0.3716785 36317.12
34   0.5 0.22229965 112329.5 0.5833794 100716.4 36715.66  0.3716785 36317.12
35   0.5 0.24420531 112329.5 0.5833794 100716.4 36715.66  0.3716785 36317.12
36   0.5 0.26826958 112329.5 0.5833794 100716.4 36715.66  0.3716785 36317.12
37   0.5 0.29470517 112329.5 0.5833794 100716.4 36715.66  0.3716785 36317.12
38   0.5 0.32374575 112329.5 0.5833794 100716.4 36715.66  0.3716785 36317.12
39   0.5 0.35564803 112329.5 0.5833794 100716.4 36715.66  0.3716785 36317.12
40   0.5 0.39069399 112329.5 0.5833794 100716.4 36715.66  0.3716785 36317.12
41   0.5 0.42919343 112329.5 0.5833794 100716.4 36715.66  0.3716785 36317.12
42   0.5 0.47148664 112329.5 0.5833794 100716.4 36715.66  0.3716785 36317.12
43   0.5 0.51794747 112329.5 0.5833794 100716.4 36715.66  0.3716785 36317.12
44   0.5 0.56898660 112329.5 0.5833794 100716.4 36715.66  0.3716785 36317.12
45   0.5 0.62505519 112329.5 0.5833794 100716.4 36715.66  0.3716785 36317.12
46   0.5 0.68664885 112329.5 0.5833794 100716.4 36715.66  0.3716785 36317.12
47   0.5 0.75431201 112329.5 0.5833794 100716.4 36715.66  0.3716785 36317.12
48   0.5 0.82864277 112329.5 0.5833794 100716.4 36715.66  0.3716785 36317.12
49   0.5 0.91029818 112329.5 0.5833794 100716.4 36715.66  0.3716785 36317.12
50   0.5 1.00000000 112329.5 0.5833794 100716.4 36715.66  0.3716785 36317.12
[1] "Best hyper-parameters:"
   alpha lambda
50   0.5      1
[1] "MAE: 3373.07528798899"
[1] "RMSE: 3687.23851000071"
[1] "R²: 0.999840567760462"
`geom_smooth()` using formula = 'y ~ x'
`geom_smooth()` using formula = 'y ~ x'
[1] "Mean performance metrics from bootstrap resampling:"                                         
   alpha     lambda     RMSE  Rsquared      MAE   RMSESD RsquaredSD    MAESD
1    0.5 0.01000000 112329.5 0.5833794 100716.4 36715.66  0.3716785 36317.12
2    0.5 0.01098541 112329.5 0.5833794 100716.4 36715.66  0.3716785 36317.12
3    0.5 0.01206793 112329.5 0.5833794 100716.4 36715.66  0.3716785 36317.12
4    0.5 0.01325711 112329.5 0.5833794 100716.4 36715.66  0.3716785 36317.12
5    0.5 0.01456348 112329.5 0.5833794 100716.4 36715.66  0.3716785 36317.12
6    0.5 0.01599859 112329.5 0.5833794 100716.4 36715.66  0.3716785 36317.12
7    0.5 0.01757511 112329.5 0.5833794 100716.4 36715.66  0.3716785 36317.12
8    0.5 0.01930698 112329.5 0.5833794 100716.4 36715.66  0.3716785 36317.12
9    0.5 0.02120951 112329.5 0.5833794 100716.4 36715.66  0.3716785 36317.12
10   0.5 0.02329952 112329.5 0.5833794 100716.4 36715.66  0.3716785 36317.12
11   0.5 0.02559548 112329.5 0.5833794 100716.4 36715.66  0.3716785 36317.12
12   0.5 0.02811769 112329.5 0.5833794 100716.4 36715.66  0.3716785 36317.12
13   0.5 0.03088844 112329.5 0.5833794 100716.4 36715.66  0.3716785 36317.12
14   0.5 0.03393222 112329.5 0.5833794 100716.4 36715.66  0.3716785 36317.12
15   0.5 0.03727594 112329.5 0.5833794 100716.4 36715.66  0.3716785 36317.12
16   0.5 0.04094915 112329.5 0.5833794 100716.4 36715.66  0.3716785 36317.12
17   0.5 0.04498433 112329.5 0.5833794 100716.4 36715.66  0.3716785 36317.12
18   0.5 0.04941713 112329.5 0.5833794 100716.4 36715.66  0.3716785 36317.12
19   0.5 0.05428675 112329.5 0.5833794 100716.4 36715.66  0.3716785 36317.12
20   0.5 0.05963623 112329.5 0.5833794 100716.4 36715.66  0.3716785 36317.12
21   0.5 0.06551286 112329.5 0.5833794 100716.4 36715.66  0.3716785 36317.12
22   0.5 0.07196857 112329.5 0.5833794 100716.4 36715.66  0.3716785 36317.12
23   0.5 0.07906043 112329.5 0.5833794 100716.4 36715.66  0.3716785 36317.12
24   0.5 0.08685114 112329.5 0.5833794 100716.4 36715.66  0.3716785 36317.12
25   0.5 0.09540955 112329.5 0.5833794 100716.4 36715.66  0.3716785 36317.12
26   0.5 0.10481131 112329.5 0.5833794 100716.4 36715.66  0.3716785 36317.12
27   0.5 0.11513954 112329.5 0.5833794 100716.4 36715.66  0.3716785 36317.12
28   0.5 0.12648552 112329.5 0.5833794 100716.4 36715.66  0.3716785 36317.12
29   0.5 0.13894955 112329.5 0.5833794 100716.4 36715.66  0.3716785 36317.12
30   0.5 0.15264180 112329.5 0.5833794 100716.4 36715.66  0.3716785 36317.12
31   0.5 0.16768329 112329.5 0.5833794 100716.4 36715.66  0.3716785 36317.12
32   0.5 0.18420700 112329.5 0.5833794 100716.4 36715.66  0.3716785 36317.12
33   0.5 0.20235896 112329.5 0.5833794 100716.4 36715.66  0.3716785 36317.12
34   0.5 0.22229965 112329.5 0.5833794 100716.4 36715.66  0.3716785 36317.12
35   0.5 0.24420531 112329.5 0.5833794 100716.4 36715.66  0.3716785 36317.12
36   0.5 0.26826958 112329.5 0.5833794 100716.4 36715.66  0.3716785 36317.12
37   0.5 0.29470517 112329.5 0.5833794 100716.4 36715.66  0.3716785 36317.12
38   0.5 0.32374575 112329.5 0.5833794 100716.4 36715.66  0.3716785 36317.12
39   0.5 0.35564803 112329.5 0.5833794 100716.4 36715.66  0.3716785 36317.12
40   0.5 0.39069399 112329.5 0.5833794 100716.4 36715.66  0.3716785 36317.12
41   0.5 0.42919343 112329.5 0.5833794 100716.4 36715.66  0.3716785 36317.12
42   0.5 0.47148664 112329.5 0.5833794 100716.4 36715.66  0.3716785 36317.12
43   0.5 0.51794747 112329.5 0.5833794 100716.4 36715.66  0.3716785 36317.12
44   0.5 0.56898660 112329.5 0.5833794 100716.4 36715.66  0.3716785 36317.12
45   0.5 0.62505519 112329.5 0.5833794 100716.4 36715.66  0.3716785 36317.12
46   0.5 0.68664885 112329.5 0.5833794 100716.4 36715.66  0.3716785 36317.12
47   0.5 0.75431201 112329.5 0.5833794 100716.4 36715.66  0.3716785 36317.12
48   0.5 0.82864277 112329.5 0.5833794 100716.4 36715.66  0.3716785 36317.12
49   0.5 0.91029818 112329.5 0.5833794 100716.4 36715.66  0.3716785 36317.12
50   0.5 1.00000000 112329.5 0.5833794 100716.4 36715.66  0.3716785 36317.12
[1] "Best model metrics:"
  alpha lambda     RMSE  Rsquared      MAE   RMSESD RsquaredSD    MAESD
1   0.5   0.01 112329.5 0.5833794 100716.4 36715.66  0.3716785 36317.12
Complete! Thank you for using this script. -NM
