[1] "First few combinations of the lambda grid:"
  alpha     lambda
1   0.5 0.01000000
2   0.5 0.01098541
3   0.5 0.01206793
4   0.5 0.01325711
5   0.5 0.01456348
6   0.5 0.01599859
[1] "Cross validation model results:"
   alpha     lambda     RMSE  Rsquared      MAE   RMSESD RsquaredSD    MAESD
1    0.5 0.01000000 910184.1 0.6351959 755146.2 408147.4  0.3792683 349506.5
2    0.5 0.01098541 910184.1 0.6351959 755146.2 408147.4  0.3792683 349506.5
3    0.5 0.01206793 910184.1 0.6351959 755146.2 408147.4  0.3792683 349506.5
4    0.5 0.01325711 910184.1 0.6351959 755146.2 408147.4  0.3792683 349506.5
5    0.5 0.01456348 910184.1 0.6351959 755146.2 408147.4  0.3792683 349506.5
6    0.5 0.01599859 910184.1 0.6351959 755146.2 408147.4  0.3792683 349506.5
7    0.5 0.01757511 910184.1 0.6351959 755146.2 408147.4  0.3792683 349506.5
8    0.5 0.01930698 910184.1 0.6351959 755146.2 408147.4  0.3792683 349506.5
9    0.5 0.02120951 910184.1 0.6351959 755146.2 408147.4  0.3792683 349506.5
10   0.5 0.02329952 910184.1 0.6351959 755146.2 408147.4  0.3792683 349506.5
11   0.5 0.02559548 910184.1 0.6351959 755146.2 408147.4  0.3792683 349506.5
12   0.5 0.02811769 910184.1 0.6351959 755146.2 408147.4  0.3792683 349506.5
13   0.5 0.03088844 910184.1 0.6351959 755146.2 408147.4  0.3792683 349506.5
14   0.5 0.03393222 910184.1 0.6351959 755146.2 408147.4  0.3792683 349506.5
15   0.5 0.03727594 910184.1 0.6351959 755146.2 408147.4  0.3792683 349506.5
16   0.5 0.04094915 910184.1 0.6351959 755146.2 408147.4  0.3792683 349506.5
17   0.5 0.04498433 910184.1 0.6351959 755146.2 408147.4  0.3792683 349506.5
18   0.5 0.04941713 910184.1 0.6351959 755146.2 408147.4  0.3792683 349506.5
19   0.5 0.05428675 910184.1 0.6351959 755146.2 408147.4  0.3792683 349506.5
20   0.5 0.05963623 910184.1 0.6351959 755146.2 408147.4  0.3792683 349506.5
21   0.5 0.06551286 910184.1 0.6351959 755146.2 408147.4  0.3792683 349506.5
22   0.5 0.07196857 910184.1 0.6351959 755146.2 408147.4  0.3792683 349506.5
23   0.5 0.07906043 910184.1 0.6351959 755146.2 408147.4  0.3792683 349506.5
24   0.5 0.08685114 910184.1 0.6351959 755146.2 408147.4  0.3792683 349506.5
25   0.5 0.09540955 910184.1 0.6351959 755146.2 408147.4  0.3792683 349506.5
26   0.5 0.10481131 910184.1 0.6351959 755146.2 408147.4  0.3792683 349506.5
27   0.5 0.11513954 910184.1 0.6351959 755146.2 408147.4  0.3792683 349506.5
28   0.5 0.12648552 910184.1 0.6351959 755146.2 408147.4  0.3792683 349506.5
29   0.5 0.13894955 910184.1 0.6351959 755146.2 408147.4  0.3792683 349506.5
30   0.5 0.15264180 910184.1 0.6351959 755146.2 408147.4  0.3792683 349506.5
31   0.5 0.16768329 910184.1 0.6351959 755146.2 408147.4  0.3792683 349506.5
32   0.5 0.18420700 910184.1 0.6351959 755146.2 408147.4  0.3792683 349506.5
33   0.5 0.20235896 910184.1 0.6351959 755146.2 408147.4  0.3792683 349506.5
34   0.5 0.22229965 910184.1 0.6351959 755146.2 408147.4  0.3792683 349506.5
35   0.5 0.24420531 910184.1 0.6351959 755146.2 408147.4  0.3792683 349506.5
36   0.5 0.26826958 910184.1 0.6351959 755146.2 408147.4  0.3792683 349506.5
37   0.5 0.29470517 910184.1 0.6351959 755146.2 408147.4  0.3792683 349506.5
38   0.5 0.32374575 910184.1 0.6351959 755146.2 408147.4  0.3792683 349506.5
39   0.5 0.35564803 910184.1 0.6351959 755146.2 408147.4  0.3792683 349506.5
40   0.5 0.39069399 910184.1 0.6351959 755146.2 408147.4  0.3792683 349506.5
41   0.5 0.42919343 910184.1 0.6351959 755146.2 408147.4  0.3792683 349506.5
42   0.5 0.47148664 910184.1 0.6351959 755146.2 408147.4  0.3792683 349506.5
43   0.5 0.51794747 910184.1 0.6351959 755146.2 408147.4  0.3792683 349506.5
44   0.5 0.56898660 910184.1 0.6351959 755146.2 408147.4  0.3792683 349506.5
45   0.5 0.62505519 910184.1 0.6351959 755146.2 408147.4  0.3792683 349506.5
46   0.5 0.68664885 910184.1 0.6351959 755146.2 408147.4  0.3792683 349506.5
47   0.5 0.75431201 910184.1 0.6351959 755146.2 408147.4  0.3792683 349506.5
48   0.5 0.82864277 910184.1 0.6351959 755146.2 408147.4  0.3792683 349506.5
49   0.5 0.91029818 910184.1 0.6351959 755146.2 408147.4  0.3792683 349506.5
50   0.5 1.00000000 910184.1 0.6351959 755146.2 408147.4  0.3792683 349506.5
[1] "Best hyper-parameters:"
   alpha lambda
50   0.5      1
[1] "MAE: 19285.7017378919"
[1] "RMSE: 23631.1905477161"
[1] "R²: 0.99985716469986"
`geom_smooth()` using formula = 'y ~ x'
`geom_smooth()` using formula = 'y ~ x'
[1] "Mean performance metrics from bootstrap resampling:"                                         
   alpha     lambda     RMSE  Rsquared      MAE   RMSESD RsquaredSD    MAESD
1    0.5 0.01000000 910184.1 0.6351959 755146.2 408147.4  0.3792683 349506.5
2    0.5 0.01098541 910184.1 0.6351959 755146.2 408147.4  0.3792683 349506.5
3    0.5 0.01206793 910184.1 0.6351959 755146.2 408147.4  0.3792683 349506.5
4    0.5 0.01325711 910184.1 0.6351959 755146.2 408147.4  0.3792683 349506.5
5    0.5 0.01456348 910184.1 0.6351959 755146.2 408147.4  0.3792683 349506.5
6    0.5 0.01599859 910184.1 0.6351959 755146.2 408147.4  0.3792683 349506.5
7    0.5 0.01757511 910184.1 0.6351959 755146.2 408147.4  0.3792683 349506.5
8    0.5 0.01930698 910184.1 0.6351959 755146.2 408147.4  0.3792683 349506.5
9    0.5 0.02120951 910184.1 0.6351959 755146.2 408147.4  0.3792683 349506.5
10   0.5 0.02329952 910184.1 0.6351959 755146.2 408147.4  0.3792683 349506.5
11   0.5 0.02559548 910184.1 0.6351959 755146.2 408147.4  0.3792683 349506.5
12   0.5 0.02811769 910184.1 0.6351959 755146.2 408147.4  0.3792683 349506.5
13   0.5 0.03088844 910184.1 0.6351959 755146.2 408147.4  0.3792683 349506.5
14   0.5 0.03393222 910184.1 0.6351959 755146.2 408147.4  0.3792683 349506.5
15   0.5 0.03727594 910184.1 0.6351959 755146.2 408147.4  0.3792683 349506.5
16   0.5 0.04094915 910184.1 0.6351959 755146.2 408147.4  0.3792683 349506.5
17   0.5 0.04498433 910184.1 0.6351959 755146.2 408147.4  0.3792683 349506.5
18   0.5 0.04941713 910184.1 0.6351959 755146.2 408147.4  0.3792683 349506.5
19   0.5 0.05428675 910184.1 0.6351959 755146.2 408147.4  0.3792683 349506.5
20   0.5 0.05963623 910184.1 0.6351959 755146.2 408147.4  0.3792683 349506.5
21   0.5 0.06551286 910184.1 0.6351959 755146.2 408147.4  0.3792683 349506.5
22   0.5 0.07196857 910184.1 0.6351959 755146.2 408147.4  0.3792683 349506.5
23   0.5 0.07906043 910184.1 0.6351959 755146.2 408147.4  0.3792683 349506.5
24   0.5 0.08685114 910184.1 0.6351959 755146.2 408147.4  0.3792683 349506.5
25   0.5 0.09540955 910184.1 0.6351959 755146.2 408147.4  0.3792683 349506.5
26   0.5 0.10481131 910184.1 0.6351959 755146.2 408147.4  0.3792683 349506.5
27   0.5 0.11513954 910184.1 0.6351959 755146.2 408147.4  0.3792683 349506.5
28   0.5 0.12648552 910184.1 0.6351959 755146.2 408147.4  0.3792683 349506.5
29   0.5 0.13894955 910184.1 0.6351959 755146.2 408147.4  0.3792683 349506.5
30   0.5 0.15264180 910184.1 0.6351959 755146.2 408147.4  0.3792683 349506.5
31   0.5 0.16768329 910184.1 0.6351959 755146.2 408147.4  0.3792683 349506.5
32   0.5 0.18420700 910184.1 0.6351959 755146.2 408147.4  0.3792683 349506.5
33   0.5 0.20235896 910184.1 0.6351959 755146.2 408147.4  0.3792683 349506.5
34   0.5 0.22229965 910184.1 0.6351959 755146.2 408147.4  0.3792683 349506.5
35   0.5 0.24420531 910184.1 0.6351959 755146.2 408147.4  0.3792683 349506.5
36   0.5 0.26826958 910184.1 0.6351959 755146.2 408147.4  0.3792683 349506.5
37   0.5 0.29470517 910184.1 0.6351959 755146.2 408147.4  0.3792683 349506.5
38   0.5 0.32374575 910184.1 0.6351959 755146.2 408147.4  0.3792683 349506.5
39   0.5 0.35564803 910184.1 0.6351959 755146.2 408147.4  0.3792683 349506.5
40   0.5 0.39069399 910184.1 0.6351959 755146.2 408147.4  0.3792683 349506.5
41   0.5 0.42919343 910184.1 0.6351959 755146.2 408147.4  0.3792683 349506.5
42   0.5 0.47148664 910184.1 0.6351959 755146.2 408147.4  0.3792683 349506.5
43   0.5 0.51794747 910184.1 0.6351959 755146.2 408147.4  0.3792683 349506.5
44   0.5 0.56898660 910184.1 0.6351959 755146.2 408147.4  0.3792683 349506.5
45   0.5 0.62505519 910184.1 0.6351959 755146.2 408147.4  0.3792683 349506.5
46   0.5 0.68664885 910184.1 0.6351959 755146.2 408147.4  0.3792683 349506.5
47   0.5 0.75431201 910184.1 0.6351959 755146.2 408147.4  0.3792683 349506.5
48   0.5 0.82864277 910184.1 0.6351959 755146.2 408147.4  0.3792683 349506.5
49   0.5 0.91029818 910184.1 0.6351959 755146.2 408147.4  0.3792683 349506.5
50   0.5 1.00000000 910184.1 0.6351959 755146.2 408147.4  0.3792683 349506.5
[1] "Best model metrics:"
  alpha lambda     RMSE  Rsquared      MAE   RMSESD RsquaredSD    MAESD
1   0.5   0.01 910184.1 0.6351959 755146.2 408147.4  0.3792683 349506.5
