[1] "First few combinations of the lambda grid:"
  alpha     lambda
1   0.5 0.01000000
2   0.5 0.01098541
3   0.5 0.01206793
4   0.5 0.01325711
5   0.5 0.01456348
6   0.5 0.01599859
[1] "Cross validation model results:"
   alpha     lambda    RMSE  Rsquared      MAE RMSESD RsquaredSD    MAESD
1    0.5 0.01000000 1088501 0.5706823 951392.3 544024  0.3656913 451473.9
2    0.5 0.01098541 1088501 0.5706823 951392.3 544024  0.3656913 451473.9
3    0.5 0.01206793 1088501 0.5706823 951392.3 544024  0.3656913 451473.9
4    0.5 0.01325711 1088501 0.5706823 951392.3 544024  0.3656913 451473.9
5    0.5 0.01456348 1088501 0.5706823 951392.3 544024  0.3656913 451473.9
6    0.5 0.01599859 1088501 0.5706823 951392.3 544024  0.3656913 451473.9
7    0.5 0.01757511 1088501 0.5706823 951392.3 544024  0.3656913 451473.9
8    0.5 0.01930698 1088501 0.5706823 951392.3 544024  0.3656913 451473.9
9    0.5 0.02120951 1088501 0.5706823 951392.3 544024  0.3656913 451473.9
10   0.5 0.02329952 1088501 0.5706823 951392.3 544024  0.3656913 451473.9
11   0.5 0.02559548 1088501 0.5706823 951392.3 544024  0.3656913 451473.9
12   0.5 0.02811769 1088501 0.5706823 951392.3 544024  0.3656913 451473.9
13   0.5 0.03088844 1088501 0.5706823 951392.3 544024  0.3656913 451473.9
14   0.5 0.03393222 1088501 0.5706823 951392.3 544024  0.3656913 451473.9
15   0.5 0.03727594 1088501 0.5706823 951392.3 544024  0.3656913 451473.9
16   0.5 0.04094915 1088501 0.5706823 951392.3 544024  0.3656913 451473.9
17   0.5 0.04498433 1088501 0.5706823 951392.3 544024  0.3656913 451473.9
18   0.5 0.04941713 1088501 0.5706823 951392.3 544024  0.3656913 451473.9
19   0.5 0.05428675 1088501 0.5706823 951392.3 544024  0.3656913 451473.9
20   0.5 0.05963623 1088501 0.5706823 951392.3 544024  0.3656913 451473.9
21   0.5 0.06551286 1088501 0.5706823 951392.3 544024  0.3656913 451473.9
22   0.5 0.07196857 1088501 0.5706823 951392.3 544024  0.3656913 451473.9
23   0.5 0.07906043 1088501 0.5706823 951392.3 544024  0.3656913 451473.9
24   0.5 0.08685114 1088501 0.5706823 951392.3 544024  0.3656913 451473.9
25   0.5 0.09540955 1088501 0.5706823 951392.3 544024  0.3656913 451473.9
26   0.5 0.10481131 1088501 0.5706823 951392.3 544024  0.3656913 451473.9
27   0.5 0.11513954 1088501 0.5706823 951392.3 544024  0.3656913 451473.9
28   0.5 0.12648552 1088501 0.5706823 951392.3 544024  0.3656913 451473.9
29   0.5 0.13894955 1088501 0.5706823 951392.3 544024  0.3656913 451473.9
30   0.5 0.15264180 1088501 0.5706823 951392.3 544024  0.3656913 451473.9
31   0.5 0.16768329 1088501 0.5706823 951392.3 544024  0.3656913 451473.9
32   0.5 0.18420700 1088501 0.5706823 951392.3 544024  0.3656913 451473.9
33   0.5 0.20235896 1088501 0.5706823 951392.3 544024  0.3656913 451473.9
34   0.5 0.22229965 1088501 0.5706823 951392.3 544024  0.3656913 451473.9
35   0.5 0.24420531 1088501 0.5706823 951392.3 544024  0.3656913 451473.9
36   0.5 0.26826958 1088501 0.5706823 951392.3 544024  0.3656913 451473.9
37   0.5 0.29470517 1088501 0.5706823 951392.3 544024  0.3656913 451473.9
38   0.5 0.32374575 1088501 0.5706823 951392.3 544024  0.3656913 451473.9
39   0.5 0.35564803 1088501 0.5706823 951392.3 544024  0.3656913 451473.9
40   0.5 0.39069399 1088501 0.5706823 951392.3 544024  0.3656913 451473.9
41   0.5 0.42919343 1088501 0.5706823 951392.3 544024  0.3656913 451473.9
42   0.5 0.47148664 1088501 0.5706823 951392.3 544024  0.3656913 451473.9
43   0.5 0.51794747 1088501 0.5706823 951392.3 544024  0.3656913 451473.9
44   0.5 0.56898660 1088501 0.5706823 951392.3 544024  0.3656913 451473.9
45   0.5 0.62505519 1088501 0.5706823 951392.3 544024  0.3656913 451473.9
46   0.5 0.68664885 1088501 0.5706823 951392.3 544024  0.3656913 451473.9
47   0.5 0.75431201 1088501 0.5706823 951392.3 544024  0.3656913 451473.9
48   0.5 0.82864277 1088501 0.5706823 951392.3 544024  0.3656913 451473.9
49   0.5 0.91029818 1088501 0.5706823 951392.3 544024  0.3656913 451473.9
50   0.5 1.00000000 1088501 0.5706823 951392.3 544024  0.3656913 451473.9
[1] "Best hyper-parameters:"
   alpha lambda
50   0.5      1
[1] "MAE: 28211.9528583404"
[1] "RMSE: 32135.6295366993"
[1] "R²: 0.999858913289966"
`geom_smooth()` using formula = 'y ~ x'
`geom_smooth()` using formula = 'y ~ x'
[1] "Mean performance metrics from bootstrap resampling:"                                         
   alpha     lambda    RMSE  Rsquared      MAE RMSESD RsquaredSD    MAESD
1    0.5 0.01000000 1088501 0.5706823 951392.3 544024  0.3656913 451473.9
2    0.5 0.01098541 1088501 0.5706823 951392.3 544024  0.3656913 451473.9
3    0.5 0.01206793 1088501 0.5706823 951392.3 544024  0.3656913 451473.9
4    0.5 0.01325711 1088501 0.5706823 951392.3 544024  0.3656913 451473.9
5    0.5 0.01456348 1088501 0.5706823 951392.3 544024  0.3656913 451473.9
6    0.5 0.01599859 1088501 0.5706823 951392.3 544024  0.3656913 451473.9
7    0.5 0.01757511 1088501 0.5706823 951392.3 544024  0.3656913 451473.9
8    0.5 0.01930698 1088501 0.5706823 951392.3 544024  0.3656913 451473.9
9    0.5 0.02120951 1088501 0.5706823 951392.3 544024  0.3656913 451473.9
10   0.5 0.02329952 1088501 0.5706823 951392.3 544024  0.3656913 451473.9
11   0.5 0.02559548 1088501 0.5706823 951392.3 544024  0.3656913 451473.9
12   0.5 0.02811769 1088501 0.5706823 951392.3 544024  0.3656913 451473.9
13   0.5 0.03088844 1088501 0.5706823 951392.3 544024  0.3656913 451473.9
14   0.5 0.03393222 1088501 0.5706823 951392.3 544024  0.3656913 451473.9
15   0.5 0.03727594 1088501 0.5706823 951392.3 544024  0.3656913 451473.9
16   0.5 0.04094915 1088501 0.5706823 951392.3 544024  0.3656913 451473.9
17   0.5 0.04498433 1088501 0.5706823 951392.3 544024  0.3656913 451473.9
18   0.5 0.04941713 1088501 0.5706823 951392.3 544024  0.3656913 451473.9
19   0.5 0.05428675 1088501 0.5706823 951392.3 544024  0.3656913 451473.9
20   0.5 0.05963623 1088501 0.5706823 951392.3 544024  0.3656913 451473.9
21   0.5 0.06551286 1088501 0.5706823 951392.3 544024  0.3656913 451473.9
22   0.5 0.07196857 1088501 0.5706823 951392.3 544024  0.3656913 451473.9
23   0.5 0.07906043 1088501 0.5706823 951392.3 544024  0.3656913 451473.9
24   0.5 0.08685114 1088501 0.5706823 951392.3 544024  0.3656913 451473.9
25   0.5 0.09540955 1088501 0.5706823 951392.3 544024  0.3656913 451473.9
26   0.5 0.10481131 1088501 0.5706823 951392.3 544024  0.3656913 451473.9
27   0.5 0.11513954 1088501 0.5706823 951392.3 544024  0.3656913 451473.9
28   0.5 0.12648552 1088501 0.5706823 951392.3 544024  0.3656913 451473.9
29   0.5 0.13894955 1088501 0.5706823 951392.3 544024  0.3656913 451473.9
30   0.5 0.15264180 1088501 0.5706823 951392.3 544024  0.3656913 451473.9
31   0.5 0.16768329 1088501 0.5706823 951392.3 544024  0.3656913 451473.9
32   0.5 0.18420700 1088501 0.5706823 951392.3 544024  0.3656913 451473.9
33   0.5 0.20235896 1088501 0.5706823 951392.3 544024  0.3656913 451473.9
34   0.5 0.22229965 1088501 0.5706823 951392.3 544024  0.3656913 451473.9
35   0.5 0.24420531 1088501 0.5706823 951392.3 544024  0.3656913 451473.9
36   0.5 0.26826958 1088501 0.5706823 951392.3 544024  0.3656913 451473.9
37   0.5 0.29470517 1088501 0.5706823 951392.3 544024  0.3656913 451473.9
38   0.5 0.32374575 1088501 0.5706823 951392.3 544024  0.3656913 451473.9
39   0.5 0.35564803 1088501 0.5706823 951392.3 544024  0.3656913 451473.9
40   0.5 0.39069399 1088501 0.5706823 951392.3 544024  0.3656913 451473.9
41   0.5 0.42919343 1088501 0.5706823 951392.3 544024  0.3656913 451473.9
42   0.5 0.47148664 1088501 0.5706823 951392.3 544024  0.3656913 451473.9
43   0.5 0.51794747 1088501 0.5706823 951392.3 544024  0.3656913 451473.9
44   0.5 0.56898660 1088501 0.5706823 951392.3 544024  0.3656913 451473.9
45   0.5 0.62505519 1088501 0.5706823 951392.3 544024  0.3656913 451473.9
46   0.5 0.68664885 1088501 0.5706823 951392.3 544024  0.3656913 451473.9
47   0.5 0.75431201 1088501 0.5706823 951392.3 544024  0.3656913 451473.9
48   0.5 0.82864277 1088501 0.5706823 951392.3 544024  0.3656913 451473.9
49   0.5 0.91029818 1088501 0.5706823 951392.3 544024  0.3656913 451473.9
50   0.5 1.00000000 1088501 0.5706823 951392.3 544024  0.3656913 451473.9
[1] "Best model metrics:"
  alpha lambda    RMSE  Rsquared      MAE RMSESD RsquaredSD    MAESD
1   0.5   0.01 1088501 0.5706823 951392.3 544024  0.3656913 451473.9
Complete! Thank you for using this script. -NM
